Node
      1            0.           50.
      2          200.           50.
      3          200.           51.
      4            0.           51.
      5            0.            0.
      6          200.            0.
      7            1.           50.
      8            2.           50.
      9            3.           50.
     10            4.           50.
     11            5.           50.
     12            6.           50.
     13            7.           50.
     14            8.           50.
     15            9.           50.
     16           10.           50.
     17           11.           50.
     18           12.           50.
     19           13.           50.
     20           14.           50.
     21           15.           50.
     22           16.           50.
     23           17.           50.
     24           18.           50.
     25           19.           50.
     26           20.           50.
     27           21.           50.
     28           22.           50.
     29           23.           50.
     30           24.           50.
     31           25.           50.
     32           26.           50.
     33           27.           50.
     34           28.           50.
     35           29.           50.
     36           30.           50.
     37           31.           50.
     38           32.           50.
     39           33.           50.
     40           34.           50.
     41           35.           50.
     42           36.           50.
     43           37.           50.
     44           38.           50.
     45           39.           50.
     46           40.           50.
     47           41.           50.
     48           42.           50.
     49           43.           50.
     50           44.           50.
     51           45.           50.
     52           46.           50.
     53           47.           50.
     54           48.           50.
     55           49.           50.
     56           50.           50.
     57           51.           50.
     58           52.           50.
     59           53.           50.
     60           54.           50.
     61           55.           50.
     62           56.           50.
     63           57.           50.
     64           58.           50.
     65           59.           50.
     66           60.           50.
     67           61.           50.
     68           62.           50.
     69           63.           50.
     70           64.           50.
     71           65.           50.
     72           66.           50.
     73           67.           50.
     74           68.           50.
     75           69.           50.
     76           70.           50.
     77           71.           50.
     78           72.           50.
     79           73.           50.
     80           74.           50.
     81           75.           50.
     82           76.           50.
     83           77.           50.
     84           78.           50.
     85           79.           50.
     86           80.           50.
     87           81.           50.
     88           82.           50.
     89           83.           50.
     90           84.           50.
     91           85.           50.
     92           86.           50.
     93           87.           50.
     94           88.           50.
     95           89.           50.
     96           90.           50.
     97           91.           50.
     98           92.           50.
     99           93.           50.
    100           94.           50.
    101           95.           50.
    102           96.           50.
    103           97.           50.
    104           98.           50.
    105           99.           50.
    106          100.           50.
    107          101.           50.
    108          102.           50.
    109          103.           50.
    110          104.           50.
    111          105.           50.
    112          106.           50.
    113          107.           50.
    114          108.           50.
    115          109.           50.
    116          110.           50.
    117          111.           50.
    118          112.           50.
    119          113.           50.
    120          114.           50.
    121          115.           50.
    122          116.           50.
    123          117.           50.
    124          118.           50.
    125          119.           50.
    126          120.           50.
    127          121.           50.
    128          122.           50.
    129          123.           50.
    130          124.           50.
    131          125.           50.
    132          126.           50.
    133          127.           50.
    134          128.           50.
    135          129.           50.
    136          130.           50.
    137          131.           50.
    138          132.           50.
    139          133.           50.
    140          134.           50.
    141          135.           50.
    142          136.           50.
    143          137.           50.
    144          138.           50.
    145          139.           50.
    146          140.           50.
    147          141.           50.
    148          142.           50.
    149          143.           50.
    150          144.           50.
    151          145.           50.
    152          146.           50.
    153          147.           50.
    154          148.           50.
    155          149.           50.
    156          150.           50.
    157          151.           50.
    158          152.           50.
    159          153.           50.
    160          154.           50.
    161          155.           50.
    162          156.           50.
    163          157.           50.
    164          158.           50.
    165          159.           50.
    166          160.           50.
    167          161.           50.
    168          162.           50.
    169          163.           50.
    170          164.           50.
    171          165.           50.
    172          166.           50.
    173          167.           50.
    174          168.           50.
    175          169.           50.
    176          170.           50.
    177          171.           50.
    178          172.           50.
    179          173.           50.
    180          174.           50.
    181          175.           50.
    182          176.           50.
    183          177.           50.
    184          178.           50.
    185          179.           50.
    186          180.           50.
    187          181.           50.
    188          182.           50.
    189          183.           50.
    190          184.           50.
    191          185.           50.
    192          186.           50.
    193          187.           50.
    194          188.           50.
    195          189.           50.
    196          190.           50.
    197          191.           50.
    198          192.           50.
    199          193.           50.
    200          194.           50.
    201          195.           50.
    202          196.           50.
    203          197.           50.
    204          198.           50.
    205          199.           50.
    206          200.          50.5
    207          199.           51.
    208          198.           51.
    209          197.           51.
    210          196.           51.
    211          195.           51.
    212          194.           51.
    213          193.           51.
    214          192.           51.
    215          191.           51.
    216          190.           51.
    217          189.           51.
    218          188.           51.
    219          187.           51.
    220          186.           51.
    221          185.           51.
    222          184.           51.
    223          183.           51.
    224          182.           51.
    225          181.           51.
    226          180.           51.
    227          179.           51.
    228          178.           51.
    229          177.           51.
    230          176.           51.
    231          175.           51.
    232          174.           51.
    233          173.           51.
    234          172.           51.
    235          171.           51.
    236          170.           51.
    237          169.           51.
    238          168.           51.
    239          167.           51.
    240          166.           51.
    241          165.           51.
    242          164.           51.
    243          163.           51.
    244          162.           51.
    245          161.           51.
    246          160.           51.
    247          159.           51.
    248          158.           51.
    249          157.           51.
    250          156.           51.
    251          155.           51.
    252          154.           51.
    253          153.           51.
    254          152.           51.
    255          151.           51.
    256          150.           51.
    257          149.           51.
    258          148.           51.
    259          147.           51.
    260          146.           51.
    261          145.           51.
    262          144.           51.
    263          143.           51.
    264          142.           51.
    265          141.           51.
    266          140.           51.
    267          139.           51.
    268          138.           51.
    269          137.           51.
    270          136.           51.
    271          135.           51.
    272          134.           51.
    273          133.           51.
    274          132.           51.
    275          131.           51.
    276          130.           51.
    277          129.           51.
    278          128.           51.
    279          127.           51.
    280          126.           51.
    281          125.           51.
    282          124.           51.
    283          123.           51.
    284          122.           51.
    285          121.           51.
    286          120.           51.
    287          119.           51.
    288          118.           51.
    289          117.           51.
    290          116.           51.
    291          115.           51.
    292          114.           51.
    293          113.           51.
    294          112.           51.
    295          111.           51.
    296          110.           51.
    297          109.           51.
    298          108.           51.
    299          107.           51.
    300          106.           51.
    301          105.           51.
    302          104.           51.
    303          103.           51.
    304          102.           51.
    305          101.           51.
    306          100.           51.
    307           99.           51.
    308           98.           51.
    309           97.           51.
    310           96.           51.
    311           95.           51.
    312           94.           51.
    313           93.           51.
    314           92.           51.
    315           91.           51.
    316           90.           51.
    317           89.           51.
    318           88.           51.
    319           87.           51.
    320           86.           51.
    321           85.           51.
    322           84.           51.
    323           83.           51.
    324           82.           51.
    325           81.           51.
    326           80.           51.
    327           79.           51.
    328           78.           51.
    329           77.           51.
    330           76.           51.
    331           75.           51.
    332           74.           51.
    333           73.           51.
    334           72.           51.
    335           71.           51.
    336           70.           51.
    337           69.           51.
    338           68.           51.
    339           67.           51.
    340           66.           51.
    341           65.           51.
    342           64.           51.
    343           63.           51.
    344           62.           51.
    345           61.           51.
    346           60.           51.
    347           59.           51.
    348           58.           51.
    349           57.           51.
    350           56.           51.
    351           55.           51.
    352           54.           51.
    353           53.           51.
    354           52.           51.
    355           51.           51.
    356           50.           51.
    357           49.           51.
    358           48.           51.
    359           47.           51.
    360           46.           51.
    361           45.           51.
    362           44.           51.
    363           43.           51.
    364           42.           51.
    365           41.           51.
    366           40.           51.
    367           39.           51.
    368           38.           51.
    369           37.           51.
    370           36.           51.
    371           35.           51.
    372           34.           51.
    373           33.           51.
    374           32.           51.
    375           31.           51.
    376           30.           51.
    377           29.           51.
    378           28.           51.
    379           27.           51.
    380           26.           51.
    381           25.           51.
    382           24.           51.
    383           23.           51.
    384           22.           51.
    385           21.           51.
    386           20.           51.
    387           19.           51.
    388           18.           51.
    389           17.           51.
    390           16.           51.
    391           15.           51.
    392           14.           51.
    393           13.           51.
    394           12.           51.
    395           11.           51.
    396           10.           51.
    397            9.           51.
    398            8.           51.
    399            7.           51.
    400            6.           51.
    401            5.           51.
    402            4.           51.
    403            3.           51.
    404            2.           51.
    405            1.           51.
    406            0.          50.5
    407            0.           49.
    408            0.    47.3477745
    409            0.    44.6179276
    410            0.    40.1076012
    411            0.     32.655529
    412            0.    20.3430271
    413           20.            0.
    414    45.7094688            0.
    415    78.7583008            0.
    416    121.241699            0.
    417    154.290527            0.
    418          180.            0.
    419          200.    20.3430271
    420          200.     32.655529
    421          200.    40.1076012
    422          200.    44.6179276
    423          200.    47.3477745
    424          200.           49.
    425            1.          50.5
    426            2.          50.5
    427            3.          50.5
    428            4.          50.5
    429            5.          50.5
    430            6.          50.5
    431            7.          50.5
    432            8.          50.5
    433            9.          50.5
    434           10.          50.5
    435           11.          50.5
    436           12.          50.5
    437           13.          50.5
    438           14.          50.5
    439           15.          50.5
    440           16.          50.5
    441           17.          50.5
    442           18.          50.5
    443           19.          50.5
    444           20.          50.5
    445           21.          50.5
    446           22.          50.5
    447           23.          50.5
    448           24.          50.5
    449           25.          50.5
    450           26.          50.5
    451           27.          50.5
    452           28.          50.5
    453           29.          50.5
    454           30.          50.5
    455           31.          50.5
    456           32.          50.5
    457           33.          50.5
    458           34.          50.5
    459           35.          50.5
    460           36.          50.5
    461           37.          50.5
    462           38.          50.5
    463           39.          50.5
    464           40.          50.5
    465           41.          50.5
    466           42.          50.5
    467           43.          50.5
    468           44.          50.5
    469           45.          50.5
    470           46.          50.5
    471           47.          50.5
    472           48.          50.5
    473           49.          50.5
    474           50.          50.5
    475           51.          50.5
    476           52.          50.5
    477           53.          50.5
    478           54.          50.5
    479           55.          50.5
    480           56.          50.5
    481           57.          50.5
    482           58.          50.5
    483           59.          50.5
    484           60.          50.5
    485           61.          50.5
    486           62.          50.5
    487           63.          50.5
    488           64.          50.5
    489           65.          50.5
    490           66.          50.5
    491           67.          50.5
    492           68.          50.5
    493           69.          50.5
    494           70.          50.5
    495           71.          50.5
    496           72.          50.5
    497           73.          50.5
    498           74.          50.5
    499           75.          50.5
    500           76.          50.5
    501           77.          50.5
    502           78.          50.5
    503           79.          50.5
    504           80.          50.5
    505           81.          50.5
    506           82.          50.5
    507           83.          50.5
    508           84.          50.5
    509           85.          50.5
    510           86.          50.5
    511           87.          50.5
    512           88.          50.5
    513           89.          50.5
    514           90.          50.5
    515           91.          50.5
    516           92.          50.5
    517           93.          50.5
    518           94.          50.5
    519           95.          50.5
    520           96.          50.5
    521           97.          50.5
    522           98.          50.5
    523           99.          50.5
    524          100.          50.5
    525          101.          50.5
    526          102.          50.5
    527          103.          50.5
    528          104.          50.5
    529          105.          50.5
    530          106.          50.5
    531          107.          50.5
    532          108.          50.5
    533          109.          50.5
    534          110.          50.5
    535          111.          50.5
    536          112.          50.5
    537          113.          50.5
    538          114.          50.5
    539          115.          50.5
    540          116.          50.5
    541          117.          50.5
    542          118.          50.5
    543          119.          50.5
    544          120.          50.5
    545          121.          50.5
    546          122.          50.5
    547          123.          50.5
    548          124.          50.5
    549          125.          50.5
    550          126.          50.5
    551          127.          50.5
    552          128.          50.5
    553          129.          50.5
    554          130.          50.5
    555          131.          50.5
    556          132.          50.5
    557          133.          50.5
    558          134.          50.5
    559          135.          50.5
    560          136.          50.5
    561          137.          50.5
    562          138.          50.5
    563          139.          50.5
    564          140.          50.5
    565          141.          50.5
    566          142.          50.5
    567          143.          50.5
    568          144.          50.5
    569          145.          50.5
    570          146.          50.5
    571          147.          50.5
    572          148.          50.5
    573          149.          50.5
    574          150.          50.5
    575          151.          50.5
    576          152.          50.5
    577          153.          50.5
    578          154.          50.5
    579          155.          50.5
    580          156.          50.5
    581          157.          50.5
    582          158.          50.5
    583          159.          50.5
    584          160.          50.5
    585          161.          50.5
    586          162.          50.5
    587          163.          50.5
    588          164.          50.5
    589          165.          50.5
    590          166.          50.5
    591          167.          50.5
    592          168.          50.5
    593          169.          50.5
    594          170.          50.5
    595          171.          50.5
    596          172.          50.5
    597          173.          50.5
    598          174.          50.5
    599          175.          50.5
    600          176.          50.5
    601          177.          50.5
    602          178.          50.5
    603          179.          50.5
    604          180.          50.5
    605          181.          50.5
    606          182.          50.5
    607          183.          50.5
    608          184.          50.5
    609          185.          50.5
    610          186.          50.5
    611          187.          50.5
    612          188.          50.5
    613          189.          50.5
    614          190.          50.5
    615          191.          50.5
    616          192.          50.5
    617          193.          50.5
    618          194.          50.5
    619          195.          50.5
    620          196.          50.5
    621          197.          50.5
    622          198.          50.5
    623          199.          50.5
    624    165.263062    49.3441353
    625    7.27657843    49.3487434
    626    14.7133389    49.1528282
    627    16.4484844    49.0686989
    628    25.5236893    49.2962456
    629    36.8011398    49.3492508
    630     38.756855    49.1828041
    631    40.7427979    49.1307564
    632    42.7382278    49.1141891
    633     44.736496    49.1082039
    634    46.7359238    49.1062622
    635    48.7357216    49.1056175
    636    50.7356873    49.1056213
    637    52.7359734    49.1068726
    638     54.729023    49.1125946
    639    56.6872292    49.1276016
    640    58.4510956    49.1779633
    641    64.4983902    49.3631287
    642    125.502609    49.3500786
    643    130.521362    49.3514366
    644    145.846268    49.2198524
    645    147.887741    49.0935287
    646    149.971039    49.0926285
    647    151.991409    49.1010208
    648    153.997879     49.104393
    649    156.000275     49.106144
    650    158.003357    49.1088638
    651    159.994522    49.1110001
    652    161.935104    49.0998039
    653    188.219727    49.2015495
    654    189.967087    49.1561432
    655    191.936203    49.1519661
    656     9.9749279    28.2292347
    657    185.799225    24.3392124
    658     133.33287      48.84692
    659    67.1614761    48.8878098
    660    96.9986801    48.7048836
    661    5.28507566     49.083744
    662    20.8709297    48.5995445
    663    28.2983665    48.5404892
    664    61.9236107    48.5682602
    665      128.1707    48.7295303
    666    143.232391    48.5832901
    667    184.121506    48.6575661
    668    196.051239    48.8942223
    669    22.9333496    48.4752922
    670    24.6460667    48.2876244
    671    63.5885201    48.4869499
    672    68.9093399    48.7539711
    673    70.8670807     48.678772
    674    72.8616257    48.6458092
    675     74.864296    48.6296501
    676    76.8658066    48.6237335
    677    78.8667068    48.6212006
    678    80.8670425    48.6203346
    679    82.8862991    48.5893402
    680    84.9986496    48.5282516
    681    87.0888138    48.6205788
    682    89.0103683    48.7155991
    683    90.9243317    48.6470146
    684    93.0024109    48.5634766
    685    95.0814285    48.6496735
    686    98.8927536    48.6611099
    687    100.862846    48.6404419
    688    102.862892    48.6279144
    689    104.864639    48.6231842
    690     106.86618    48.6210289
    691    108.866806    48.6202774
    692    110.863327     48.587719
    693     112.91819    48.4936409
    694    114.980865    48.5054855
    695    116.974426     48.532093
    696      118.9543    48.5891151
    697    120.936951    48.6234093
    698    122.934326    48.5839882
    699    124.599449    48.4450951
    700    129.643051    48.4188538
    701    135.242493    48.7655106
    702    137.049698    49.0259514
    703    139.015259    48.5317574
    704    141.423996    48.4658546
    705    167.888321     48.977951
    706    169.633377    48.7022476
    707    171.802216    48.6885834
    708    173.836273    48.6768608
    709    175.840515    48.6530762
    710    177.869415    48.6081657
    711    180.002731    48.5464363
    712    182.126923    48.6310921
    713    186.355606    48.3614616
    714    198.196228    48.3032074
    715    11.2126417    48.9224014
    716    31.0394859     49.109581
    717    8.89194584     48.402668
    718    162.907608    47.9400406
    719    59.7366524    48.2776566
    720    194.636368    48.5015564
    721    188.995621    47.6916885
    722    33.4590111    48.8578224
    723    13.0825434    47.5607529
    724    15.4767151    47.4193115
    725    35.5694771     48.483799
    726    37.4556847    47.8875198
    727    39.4582863    47.9724503
    728    41.3659668    47.6614685
    729    43.4071426    47.8770523
    730    45.3267326    47.6102753
    731    47.3905602    47.8564072
    732     49.316967    47.6007767
    733    51.3887787    47.8573875
    734    53.3213387    47.5983887
    735    55.3775826    47.8622894
    736    57.2784233    47.6776047
    737    146.536713    47.7842979
    738    149.067612    47.5563965
    739    151.083359    47.8409653
    740     153.09935    47.6160812
    741     155.05722    47.8828011
    742    157.047058    47.6378441
    743    159.023697    47.8825569
    744     161.00621    47.6585197
    745    164.770203    47.9360657
    746    166.428421     48.599205
    747    191.050476    47.8449516
    748    193.011108    47.7877731
    749    2.20247674     46.206295
    750     7.7527833    37.7553749
    751    191.759583    36.4545517
    752    13.5621166    15.2810078
    753    3.45180798    49.1065178
    754    19.1176186     48.861248
    755    195.460068    46.5662575
    756    144.196915    46.7856026
    757    167.201523    46.8404961
    758    29.9273949    48.0823746
    759    6.70378828    48.0169334
    760    17.5260353    47.8765755
    761    26.5105038    47.4161949
    762    65.3535309    47.9434776
    763     126.37751    47.7187004
    764    131.554138    47.7144585
    765    14.3304873    45.7785378
    766    94.2826996    46.4453545
    767    124.162743     46.648407
    768    128.998489    46.3093529
    769    137.052612    46.8840141
    770    134.246048    46.6059837
    771    67.6107559      47.05439
    772    69.6277542    47.1057014
    773    71.5670624    46.6679688
    774    73.6330948     46.928688
    775    75.5841827    46.5603218
    776    77.6371307    46.8766365
    777    79.5963211    46.4855614
    778     81.669426     46.770359
    779    83.7195892    46.2594795
    780     86.360321    46.3387146
    781    89.7663651    46.9970284
    782    91.6290665    46.4323235
    783    96.1915817     47.057766
    784    99.5520401    46.6088181
    785    101.641907     46.878746
    786    103.652901    46.5167313
    787    105.719025    46.8623619
    788    107.694389    46.5335617
    789    109.689957    46.8482323
    790    111.578407    46.4039993
    791    114.014214    46.2543068
    792    115.999741    46.6127625
    793    117.970314    46.4470711
    794    119.920868    46.9563293
    795    121.823166    46.5862732
    796    163.066071    46.0686035
    797    35.2300339    46.4442329
    798    39.0483856    46.0029869
    799    42.9319572    45.8258438
    800    46.8829803    45.7739944
    801    50.8607635    45.7368927
    802    54.9098244    45.6897316
    803    158.971436    45.9379311
    804     155.16452    45.9822884
    805    181.437592    46.3391075
    806    178.615173     46.333847
    807    176.529602    46.8738441
    808    151.430756    45.8458862
    809    174.483124    46.7111397
    810    191.255539    45.4042053
    811    172.582016    47.1258583
    812    170.487381    46.7988892
    813    147.766159    45.6680489
    814     63.146492    46.8304062
    815    183.450653    46.9140015
    816    24.2486992    46.1929817
    817    21.7224026    46.1501427
    818    185.158539    46.8149338
    819    58.5766983    45.8365288
    820    187.433212     45.963932
    821    60.9988098    46.7126961
    822    10.5120964    46.5692902
    823    31.9385014    47.0405922
    824    4.57308054    43.5932159
    825     194.87326     42.442688
    826    21.5306835    27.3031979
    827     16.453125    36.2338257
    828    1.88378632    48.4033432
    829    4.51902008    47.2138214
    830    7.53181553    46.1686211
    831      23.04039     43.050663
    832    184.391998    44.0557327
    833     172.28508    45.0312042
    834    175.731171    44.1946373
    835    179.932358    43.4390259
    836    96.9238892    44.5320969
    837    88.9904633    44.2929535
    838    119.886993    44.8138084
    839    69.0805893    44.6956749
    840    73.1702423    44.4031487
    841    77.1830826    44.2047462
    842    81.2617874    43.8620033
    843    85.1033173    43.4753761
    844    92.9191742    43.7989235
    845    101.423561    44.1771431
    846    105.682533    44.2742615
    847    109.555176    44.4090118
    848    112.608398    44.3780022
    849    122.931313     44.178299
    850    12.3720951    45.3256569
    851    29.3064861    45.8518486
    852    61.6422691    44.0659981
    853    65.4093857    45.3925018
    854    126.078415    44.7393074
    855    132.029388    44.4922295
    856    26.3522339    43.7539444
    857     32.565937    43.9616508
    858    16.7424946    45.2511978
    859    140.614059    45.3339958
    860    169.363647    44.5674057
    861    145.240189    43.3293304
    862    165.806213     43.336441
    863    36.6499252    42.9079208
    864    40.5063477    43.1661758
    865    44.2837677    42.4590912
    866    48.2971916     42.953373
    867    156.769592    43.5550117
    868      52.16819    42.2152519
    869    136.160812    43.0224457
    870     160.57103    42.8720665
    871    153.756546    43.5280571
    872    150.152618    42.8122826
    873    57.0990257    42.5099831
    874    188.183762    43.3605385
    875    9.96773052    43.3312035
    876    25.4794655    37.8465424
    877    29.6234493    15.8400326
    878     13.885025    43.6148605
    879    19.2939758     46.764946
    880    19.6684093     43.886673
    881    170.900696    40.7436485
    882    29.3301868    42.1425667
    883    124.924797    41.2372894
    884    65.6068497    41.8432312
    885     116.11335    43.7282829
    886    181.886429    39.5895386
    887    147.455475    39.0554466
    888    176.995193    39.9598274
    889    98.9582901    40.4448242
    890     83.169487    39.7308502
    891    90.9560013    40.1400108
    892     111.95282    41.5740318
    893    94.9291916    41.1689072
    894    120.428123    41.5616035
    895    70.4138794    40.8583107
    896    74.5608826    41.1855621
    897    78.3382339    40.2384911
    898    87.0505981    40.4045525
    899    104.186195    40.4766693
    900    108.144173    41.5327835
    901    39.7880173    38.3955154
    902    47.5377235    38.1448021
    903    155.247574    39.4405899
    904    163.498108    38.7455597
    905    54.6171532    37.6875305
    906    32.9219017     39.285778
    907    132.282837    40.9070435
    908    128.824936     42.600071
    909    141.329788    40.4782867
    910    186.778946    39.8712234
    911    60.7856598    39.3013878
    912    12.9736319    40.5070915
    913    33.6489792    30.3977299
    914    16.6873989    41.6660919
    915    20.2657585    40.5367584
    916    178.537506    35.8750916
    917    109.545494    36.9743347
    918    95.0291977    36.8645592
    919    73.4329605    36.2542496
    920    79.8431244    35.9893532
    921    101.957512    35.4775467
    922    122.594254    36.9054489
    923    59.2420082    32.7068367
    924    66.0811996    36.6983871
    925    116.277084    38.8075829
    926    168.301926     33.989006
    927    143.119141    35.5351334
    928    174.069946    36.0356293
    929    128.775482    38.0311356
    930    135.883026     36.676281
    931    42.9792442    31.9845867
    932    150.080902    32.8269463
    933    50.6062508    30.7918339
    934    159.416138    32.2918129
    935     43.101368    21.8743191
    936    128.605896    30.0226173
    937     175.03006    29.7640514
    938    141.286453    28.9943027
    939    117.187164     32.031395
    940    55.6704941    21.9469738
    941    86.8312225     34.120594
    942     183.29863    34.3156128
    943    96.2445145    28.8545952
    944    107.462402    28.4684219
    945    76.7217712     28.970644
    946    165.156403     27.026001
    947    66.5844116    28.9432735
    948    190.570221    41.5066414
    949    101.190247    16.5320549
    950    153.672302    22.1633072
    951    68.0506439    16.8352852
    952    118.653854    20.6610641
    953     84.632782    20.8855286
    954    136.291794    16.9735489
    955    168.991425    17.2154293
Element
  1    1    7  425
  2  425  406    1
  3    7    8  426
  4  426  425    7
  5    8    9  427
  6  427  426    8
  7    9   10  428
  8  428  427    9
  9   10   11  429
 10  429  428   10
 11   11   12  430
 12  430  429   11
 13   12   13  431
 14  431  430   12
 15   13   14  432
 16  432  431   13
 17   14   15  433
 18  433  432   14
 19   15   16  434
 20  434  433   15
 21   16   17  435
 22  435  434   16
 23   17   18  436
 24  436  435   17
 25   18   19  437
 26  437  436   18
 27   19   20  438
 28  438  437   19
 29   20   21  439
 30  439  438   20
 31   21   22  440
 32  440  439   21
 33   22   23  441
 34  441  440   22
 35   23   24  442
 36  442  441   23
 37   24   25  443
 38  443  442   24
 39   25   26  444
 40  444  443   25
 41   26   27  445
 42  445  444   26
 43   27   28  446
 44  446  445   27
 45   28   29  447
 46  447  446   28
 47   29   30  448
 48  448  447   29
 49   30   31  449
 50  449  448   30
 51   31   32  450
 52  450  449   31
 53   32   33  451
 54  451  450   32
 55   33   34  452
 56  452  451   33
 57   34   35  453
 58  453  452   34
 59   35   36  454
 60  454  453   35
 61   36   37  455
 62  455  454   36
 63   37   38  456
 64  456  455   37
 65   38   39  457
 66  457  456   38
 67   39   40  458
 68  458  457   39
 69   40   41  459
 70  459  458   40
 71   41   42  460
 72  460  459   41
 73   42   43  461
 74  461  460   42
 75   43   44  462
 76  462  461   43
 77   44   45  463
 78  463  462   44
 79   45   46  464
 80  464  463   45
 81   46   47  465
 82  465  464   46
 83   47   48  466
 84  466  465   47
 85   48   49  467
 86  467  466   48
 87   49   50  468
 88  468  467   49
 89   50   51  469
 90  469  468   50
 91   51   52  470
 92  470  469   51
 93   52   53  471
 94  471  470   52
 95   53   54  472
 96  472  471   53
 97   54   55  473
 98  473  472   54
 99   55   56  474
100  474  473   55
101   56   57  475
102  475  474   56
103   57   58  476
104  476  475   57
105   58   59  477
106  477  476   58
107   59   60  478
108  478  477   59
109   60   61  479
110  479  478   60
111   61   62  480
112  480  479   61
113   62   63  481
114  481  480   62
115   63   64  482
116  482  481   63
117   64   65  483
118  483  482   64
119   65   66  484
120  484  483   65
121   66   67  485
122  485  484   66
123   67   68  486
124  486  485   67
125   68   69  487
126  487  486   68
127   69   70  488
128  488  487   69
129   70   71  489
130  489  488   70
131   71   72  490
132  490  489   71
133   72   73  491
134  491  490   72
135   73   74  492
136  492  491   73
137   74   75  493
138  493  492   74
139   75   76  494
140  494  493   75
141   76   77  495
142  495  494   76
143   77   78  496
144  496  495   77
145   78   79  497
146  497  496   78
147   79   80  498
148  498  497   79
149   80   81  499
150  499  498   80
151   81   82  500
152  500  499   81
153   82   83  501
154  501  500   82
155   83   84  502
156  502  501   83
157   84   85  503
158  503  502   84
159   85   86  504
160  504  503   85
161   86   87  505
162  505  504   86
163   87   88  506
164  506  505   87
165   88   89  507
166  507  506   88
167   89   90  508
168  508  507   89
169   90   91  509
170  509  508   90
171   91   92  510
172  510  509   91
173   92   93  511
174  511  510   92
175   93   94  512
176  512  511   93
177   94   95  513
178  513  512   94
179   95   96  514
180  514  513   95
181   96   97  515
182  515  514   96
183   97   98  516
184  516  515   97
185   98   99  517
186  517  516   98
187   99  100  518
188  518  517   99
189  100  101  519
190  519  518  100
191  101  102  520
192  520  519  101
193  102  103  521
194  521  520  102
195  103  104  522
196  522  521  103
197  104  105  523
198  523  522  104
199  105  106  524
200  524  523  105
201  106  107  525
202  525  524  106
203  107  108  526
204  526  525  107
205  108  109  527
206  527  526  108
207  109  110  528
208  528  527  109
209  110  111  529
210  529  528  110
211  111  112  530
212  530  529  111
213  112  113  531
214  531  530  112
215  113  114  532
216  532  531  113
217  114  115  533
218  533  532  114
219  115  116  534
220  534  533  115
221  116  117  535
222  535  534  116
223  117  118  536
224  536  535  117
225  118  119  537
226  537  536  118
227  119  120  538
228  538  537  119
229  120  121  539
230  539  538  120
231  121  122  540
232  540  539  121
233  122  123  541
234  541  540  122
235  123  124  542
236  542  541  123
237  124  125  543
238  543  542  124
239  125  126  544
240  544  543  125
241  126  127  545
242  545  544  126
243  127  128  546
244  546  545  127
245  128  129  547
246  547  546  128
247  129  130  548
248  548  547  129
249  130  131  549
250  549  548  130
251  131  132  550
252  550  549  131
253  132  133  551
254  551  550  132
255  133  134  552
256  552  551  133
257  134  135  553
258  553  552  134
259  135  136  554
260  554  553  135
261  136  137  555
262  555  554  136
263  137  138  556
264  556  555  137
265  138  139  557
266  557  556  138
267  139  140  558
268  558  557  139
269  140  141  559
270  559  558  140
271  141  142  560
272  560  559  141
273  142  143  561
274  561  560  142
275  143  144  562
276  562  561  143
277  144  145  563
278  563  562  144
279  145  146  564
280  564  563  145
281  146  147  565
282  565  564  146
283  147  148  566
284  566  565  147
285  148  149  567
286  567  566  148
287  149  150  568
288  568  567  149
289  150  151  569
290  569  568  150
291  151  152  570
292  570  569  151
293  152  153  571
294  571  570  152
295  153  154  572
296  572  571  153
297  154  155  573
298  573  572  154
299  155  156  574
300  574  573  155
301  156  157  575
302  575  574  156
303  157  158  576
304  576  575  157
305  158  159  577
306  577  576  158
307  159  160  578
308  578  577  159
309  160  161  579
310  579  578  160
311  161  162  580
312  580  579  161
313  162  163  581
314  581  580  162
315  163  164  582
316  582  581  163
317  164  165  583
318  583  582  164
319  165  166  584
320  584  583  165
321  166  167  585
322  585  584  166
323  167  168  586
324  586  585  167
325  168  169  587
326  587  586  168
327  169  170  588
328  588  587  169
329  170  171  589
330  589  588  170
331  171  172  590
332  590  589  171
333  172  173  591
334  591  590  172
335  173  174  592
336  592  591  173
337  174  175  593
338  593  592  174
339  175  176  594
340  594  593  175
341  176  177  595
342  595  594  176
343  177  178  596
344  596  595  177
345  178  179  597
346  597  596  178
347  179  180  598
348  598  597  179
349  180  181  599
350  599  598  180
351  181  182  600
352  600  599  181
353  182  183  601
354  601  600  182
355  183  184  602
356  602  601  183
357  184  185  603
358  603  602  184
359  185  186  604
360  604  603  185
361  186  187  605
362  605  604  186
363  187  188  606
364  606  605  187
365  188  189  607
366  607  606  188
367  189  190  608
368  608  607  189
369  190  191  609
370  609  608  190
371  191  192  610
372  610  609  191
373  192  193  611
374  611  610  192
375  193  194  612
376  612  611  193
377  194  195  613
378  613  612  194
379  195  196  614
380  614  613  195
381  196  197  615
382  615  614  196
383  197  198  616
384  616  615  197
385  198  199  617
386  617  616  198
387  199  200  618
388  618  617  199
389  200  201  619
390  619  618  200
391  201  202  620
392  620  619  201
393  202  203  621
394  621  620  202
395  203  204  622
396  622  621  203
397  204  205  623
398  623  622  204
399  205    2  206
400  206  623  205
401  406  425  405
402  405    4  406
403  425  426  404
404  404  405  425
405  426  427  403
406  403  404  426
407  427  428  402
408  402  403  427
409  428  429  401
410  401  402  428
411  429  430  400
412  400  401  429
413  430  431  399
414  399  400  430
415  431  432  398
416  398  399  431
417  432  433  397
418  397  398  432
419  433  434  396
420  396  397  433
421  434  435  395
422  395  396  434
423  435  436  394
424  394  395  435
425  436  437  393
426  393  394  436
427  437  438  392
428  392  393  437
429  438  439  391
430  391  392  438
431  439  440  390
432  390  391  439
433  440  441  389
434  389  390  440
435  441  442  388
436  388  389  441
437  442  443  387
438  387  388  442
439  443  444  386
440  386  387  443
441  444  445  385
442  385  386  444
443  445  446  384
444  384  385  445
445  446  447  383
446  383  384  446
447  447  448  382
448  382  383  447
449  448  449  381
450  381  382  448
451  449  450  380
452  380  381  449
453  450  451  379
454  379  380  450
455  451  452  378
456  378  379  451
457  452  453  377
458  377  378  452
459  453  454  376
460  376  377  453
461  454  455  375
462  375  376  454
463  455  456  374
464  374  375  455
465  456  457  373
466  373  374  456
467  457  458  372
468  372  373  457
469  458  459  371
470  371  372  458
471  459  460  370
472  370  371  459
473  460  461  369
474  369  370  460
475  461  462  368
476  368  369  461
477  462  463  367
478  367  368  462
479  463  464  366
480  366  367  463
481  464  465  365
482  365  366  464
483  465  466  364
484  364  365  465
485  466  467  363
486  363  364  466
487  467  468  362
488  362  363  467
489  468  469  361
490  361  362  468
491  469  470  360
492  360  361  469
493  470  471  359
494  359  360  470
495  471  472  358
496  358  359  471
497  472  473  357
498  357  358  472
499  473  474  356
500  356  357  473
501  474  475  355
502  355  356  474
503  475  476  354
504  354  355  475
505  476  477  353
506  353  354  476
507  477  478  352
508  352  353  477
509  478  479  351
510  351  352  478
511  479  480  350
512  350  351  479
513  480  481  349
514  349  350  480
515  481  482  348
516  348  349  481
517  482  483  347
518  347  348  482
519  483  484  346
520  346  347  483
521  484  485  345
522  345  346  484
523  485  486  344
524  344  345  485
525  486  487  343
526  343  344  486
527  487  488  342
528  342  343  487
529  488  489  341
530  341  342  488
531  489  490  340
532  340  341  489
533  490  491  339
534  339  340  490
535  491  492  338
536  338  339  491
537  492  493  337
538  337  338  492
539  493  494  336
540  336  337  493
541  494  495  335
542  335  336  494
543  495  496  334
544  334  335  495
545  496  497  333
546  333  334  496
547  497  498  332
548  332  333  497
549  498  499  331
550  331  332  498
551  499  500  330
552  330  331  499
553  500  501  329
554  329  330  500
555  501  502  328
556  328  329  501
557  502  503  327
558  327  328  502
559  503  504  326
560  326  327  503
561  504  505  325
562  325  326  504
563  505  506  324
564  324  325  505
565  506  507  323
566  323  324  506
567  507  508  322
568  322  323  507
569  508  509  321
570  321  322  508
571  509  510  320
572  320  321  509
573  510  511  319
574  319  320  510
575  511  512  318
576  318  319  511
577  512  513  317
578  317  318  512
579  513  514  316
580  316  317  513
581  514  515  315
582  315  316  514
583  515  516  314
584  314  315  515
585  516  517  313
586  313  314  516
587  517  518  312
588  312  313  517
589  518  519  311
590  311  312  518
591  519  520  310
592  310  311  519
593  520  521  309
594  309  310  520
595  521  522  308
596  308  309  521
597  522  523  307
598  307  308  522
599  523  524  306
600  306  307  523
601  524  525  305
602  305  306  524
603  525  526  304
604  304  305  525
605  526  527  303
606  303  304  526
607  527  528  302
608  302  303  527
609  528  529  301
610  301  302  528
611  529  530  300
612  300  301  529
613  530  531  299
614  299  300  530
615  531  532  298
616  298  299  531
617  532  533  297
618  297  298  532
619  533  534  296
620  296  297  533
621  534  535  295
622  295  296  534
623  535  536  294
624  294  295  535
625  536  537  293
626  293  294  536
627  537  538  292
628  292  293  537
629  538  539  291
630  291  292  538
631  539  540  290
632  290  291  539
633  540  541  289
634  289  290  540
635  541  542  288
636  288  289  541
637  542  543  287
638  287  288  542
639  543  544  286
640  286  287  543
641  544  545  285
642  285  286  544
643  545  546  284
644  284  285  545
645  546  547  283
646  283  284  546
647  547  548  282
648  282  283  547
649  548  549  281
650  281  282  548
651  549  550  280
652  280  281  549
653  550  551  279
654  279  280  550
655  551  552  278
656  278  279  551
657  552  553  277
658  277  278  552
659  553  554  276
660  276  277  553
661  554  555  275
662  275  276  554
663  555  556  274
664  274  275  555
665  556  557  273
666  273  274  556
667  557  558  272
668  272  273  557
669  558  559  271
670  271  272  558
671  559  560  270
672  270  271  559
673  560  561  269
674  269  270  560
675  561  562  268
676  268  269  561
677  562  563  267
678  267  268  562
679  563  564  266
680  266  267  563
681  564  565  265
682  265  266  564
683  565  566  264
684  264  265  565
685  566  567  263
686  263  264  566
687  567  568  262
688  262  263  567
689  568  569  261
690  261  262  568
691  569  570  260
692  260  261  569
693  570  571  259
694  259  260  570
695  571  572  258
696  258  259  571
697  572  573  257
698  257  258  572
699  573  574  256
700  256  257  573
701  574  575  255
702  255  256  574
703  575  576  254
704  254  255  575
705  576  577  253
706  253  254  576
707  577  578  252
708  252  253  577
709  578  579  251
710  251  252  578
711  579  580  250
712  250  251  579
713  580  581  249
714  249  250  580
715  581  582  248
716  248  249  581
717  582  583  247
718  247  248  582
719  583  584  246
720  246  247  583
721  584  585  245
722  245  246  584
723  585  586  244
724  244  245  585
725  586  587  243
726  243  244  586
727  587  588  242
728  242  243  587
729  588  589  241
730  241  242  588
731  589  590  240
732  240  241  589
733  590  591  239
734  239  240  590
735  591  592  238
736  238  239  591
737  592  593  237
738  237  238  592
739  593  594  236
740  236  237  593
741  594  595  235
742  235  236  594
743  595  596  234
744  234  235  595
745  596  597  233
746  233  234  596
747  597  598  232
748  232  233  597
749  598  599  231
750  231  232  598
751  599  600  230
752  230  231  599
753  600  601  229
754  229  230  600
755  601  602  228
756  228  229  601
757  602  603  227
758  227  228  602
759  603  604  226
760  226  227  603
761  604  605  225
762  225  226  604
763  605  606  224
764  224  225  605
765  606  607  223
766  223  224  606
767  607  608  222
768  222  223  607
769  608  609  221
770  221  222  608
771  609  610  220
772  220  221  609
773  610  611  219
774  219  220  610
775  611  612  218
776  218  219  611
777  612  613  217
778  217  218  612
779  613  614  216
780  216  217  613
781  614  615  215
782  215  216  614
783  615  616  214
784  214  215  615
785  616  617  213
786  213  214  616
787  617  618  212
788  212  213  617
789  618  619  211
790  211  212  618
791  619  620  210
792  210  211  619
793  620  621  209
794  209  210  620
795  621  622  208
796  208  209  621
797  622  623  207
798  207  208  622
799  623  206    3
800    3  207  623
 801  714  204  203
 802  955  946  950
 803  722   39   38
 804  660  103  102
 805    7    1  407
 806  828    7  407
 807  753    9    8
 808  661   11   10
 809  661  625   12
 810  625  717   14
 811   14  717   15
 812  715   16  717
 813  715   17   16
 814  822  723  715
 815  626   20   19
 816  626   22   21
 817  627   22  626
 818   24   23  627
 819  754   26   25
 820  628   32   31
 821  663   34   33
 822  758   36   35
 823  722   40   39
 824   41   40  722
 825  725   42   41
 826  629   44   43
 827  630   44  629
 828  630   46   45
 829  631   46  630
 830  631   48   47
 831  632   48  631
 832  632   50   49
 833  633   50  632
 834  633   52   51
 835  634   52  633
 836  634   54   53
 837  635   54  634
 838  635   56   55
 839  636   56  635
 840  636   58   57
 841  637   58  636
 842  637   60   59
 843  638   60  637
 844  638   62   61
 845  639   62  638
 846  639   64   63
 847  640   64  639
 848  640  719   65
 849   65  719   66
 850  664   68   67
 851  671   70   69
 852  685  102  101
 853  642  132  131
 854  665  134  133
 855  700  136  135
 856  704  148  147
 857  666  150  149
 858  644  151  666
 859  644  153  152
 860  645  153  644
 861  645  155  154
 862  646  155  645
 863  646  157  156
 864  647  157  646
 865  647  159  158
 866  648  159  647
 867  648  161  160
 868  649  161  648
 869  649  163  162
 870  650  163  649
 871  650  165  164
 872  651  165  650
 873  651  167  166
 874  652  167  651
 875  652  169  168
 876  718  170  169
 877  624  746  172
 878  712  189  188
 879  818  667  815
 880  653  194  193
 881  654  195  653
 882  654  197  196
 883  655  198  197
 884  655  199  198
 885  752    5  413
 886  656  411  412
 887  750  410  411
 888  875  824  750
 889  749  408  409
 890  828  407  408
 891  419  418    6
 892  757  746  745
 893  823  797  722
 894  424    2  205
 895  714  205  204
 896  668  202  201
 897  720  201  200
 898  721  653  713
 899  825  755  810
 900  624  172  171
 901  624  171  170
 902  716   38   37
 903  625   14   13
 904  625   13   12
 905  875  850  822
 906  717   16   15
 907  715   18   17
 908  765  724  723
 909  626   21   20
 910  724  626  723
 911  627   23   22
 912  760  754   24
 913  817  816  669
 914  669   28  662
 915  816  761  670
 916  670   30  669
 917  670   31   30
 918  817  669  662
 919  761  628  670
 920  758   35  663
 921  663   35   34
 922  716   37   36
 923  725   41  722
 924  726  629  725
 925  629   43   42
 926  727  630  726
 927  630   45   44
 928  728  631  727
 929  631   47   46
 930  729  632  728
 931  632   49   48
 932  730  633  729
 933  633   51   50
 934  731  634  730
 935  634   53   52
 936  732  635  731
 937  635   55   54
 938  733  636  732
 939  636   57   56
 940  734  637  733
 941  637   59   58
 942  735  638  734
 943  638   61   60
 944  735  639  638
 945  639   63   62
 946  852  821  819
 947  640   65   64
 948  719   67   66
 949  671   69  664
 950  664   69   68
 951  641   71   70
 952  762  641  671
 953  814  671  664
 954   72   71  641
 955  659   74   73
 956  672   74  659
 957  672   76   75
 958  673   76  672
 959  673   78   77
 960  674   78  673
 961  674   80   79
 962  675   80  674
 963  675   82   81
 964  676   82  675
 965  676   84   83
 966  677   84  676
 967  677   86   85
 968  678   86  677
 969  678   88   87
 970  679   88  678
 971  679   90   89
 972  680   90  679
 973  680   92   91
 974  681   92  680
 975  681   94   93
 976  682   94  681
 977  682   96   95
 978  683   96  682
 979  683   98   97
 980  684   98  683
 981  684  100   99
 982  766  685  684
 983  685  101  100
 984  660  104  103
 985  686  104  660
 986  686  105  104
 987  687  106  686
 988  687  107  106
 989  688  108  687
 990  688  110  109
 991  689  110  688
 992  689  112  111
 993  690  112  689
 994  690  114  113
 995  691  114  690
 996  691  116  115
 997  692  116  691
 998  692  118  117
 999  693  118  692
1000  693  120  119
1001  694  120  693
1002  694  122  121
1003  695  122  694
1004  695  124  123
1005  696  124  695
1006  696  126  125
1007  697  126  696
1008  697  128  127
1009  698  128  697
1010  698  130  129
1011  699  130  698
1012  699  131  130
1013  767  699  698
1014  763  642  699
1015  700  135  665
1016  665  135  134
1017  643  137  136
1018  764  643  700
1019  768  700  665
1020  138  137  643
1021  658  140  139
1022  701  140  658
1023  701  142  141
1024  702  142  701
1025  702  144  143
1026  703  144  702
1027  769  703  702
1028  703  146  145
1029  704  147  146
1030  859  703  769
1031  666  149  148
1032  666  151  150
1033  644  152  151
1034  738  645  737
1035  645  154  153
1036  739  646  738
1037  646  156  155
1038  740  647  739
1039  647  158  157
1040  741  648  740
1041  648  160  159
1042  742  649  741
1043  649  162  161
1044  743  650  742
1045  650  164  163
1046  743  651  650
1047  651  166  165
1048  652  168  167
1049  718  745  170
1050  718  169  652
1051  757  706  705
1052  705  174  173
1053  705  175  174
1054  706  175  705
1055  706  177  176
1056  707  177  706
1057  707  179  178
1058  708  179  707
1059  708  181  180
1060  709  181  708
1061  709  183  182
1062  710  183  709
1063  710  185  184
1064  711  185  710
1065  711  187  186
1066  712  188  187
1067  805  712  711
1068  667  191  190
1069  713  191  667
1070  193  713  653
1071  713  193  192
1072  832  818  815
1073  653  195  194
1074  747  654  721
1075  654  196  195
1076  747  655  654
1077  655  197  654
1078  755  422  714
1079  748  199  655
1080  668  203  202
1081  714  203  668
1082  714  423  424
1083  714  424  205
1084  752  412    5
1085  856  851  761
1086  657  418  419
1087  657  419  420
1088  764  658  138
1089  770  701  658
1090  762  659   72
1091  771  672  659
1092  660  102  685
1093  836  783  766
1094  661   12   11
1095  830  829  824
1096  754   25   24
1097  760  627  724
1098  662   28   27
1099  662   27   26
1100  628   33   32
1101  857  823  851
1102  664   67  719
1103  814  762  671
1104  642  133  132
1105  768  764  700
1106  666  148  704
1107  756  644  666
1108  667  190  189
1109  667  189  712
1110  720  668  201
1111  755  714  668
1112  669   30   29
1113  669   29   28
1114   33  628  761
1115   31  670  628
1116  762   72  641
1117   70  671  641
1118  772  672  771
1119  672   75   74
1120  773  673  772
1121  673   77   76
1122  774  674  773
1123  674   79   78
1124  775  675  774
1125  675   81   80
1126  776  676  775
1127  676   83   82
1128  777  677  776
1129  677   85   84
1130  778  678  777
1131  678   87   86
1132  779  679  778
1133  679   89   88
1134  780  680  779
1135  680   91   90
1136  781  681  780
1137  681   93   92
1138  682   95   94
1139  683   97   96
1140  783  685  766
1141  684   99   98
1142  685  100  684
1143  784  686  783
1144  686  106  105
1145  785  687  784
1146  687  108  107
1147  786  688  785
1148  688  109  108
1149  787  689  786
1150  689  111  110
1151  788  690  787
1152  690  113  112
1153  789  691  788
1154  691  115  114
1155  790  692  789
1156  692  117  116
1157  791  693  790
1158  693  119  118
1159  792  694  791
1160  694  121  120
1161  793  695  792
1162  695  123  122
1163  794  696  793
1164  696  125  124
1165  838  794  793
1166  697  127  126
1167  767  763  699
1168  698  129  128
1169  133  642  763
1170  131  699  642
1171  764  138  643
1172  136  700  643
1173  770  769  701
1174  701  141  140
1175  869  859  769
1176  702  143  142
1177  859  704  703
1178  703  145  144
1179  704  146  703
1180  172  746  173
1181  170  745  624
1182  812  811  707
1183  706  176  175
1184  811  809  708
1185  707  178  177
1186  809  807  709
1187  708  180  179
1188  807  806  710
1189  709  182  181
1190  806  805  711
1191  710  184  183
1192  815  712  805
1193  711  186  185
1194  712  187  711
1195  820  713  818
1196  713  192  191
1197  714  422  423
1198  715   19   18
1199   36  758  716
1200  716  722   38
1201  759  625  661
1202  830  759  829
1203  744  652  651
1204  796  745  718
1205  736  640  639
1206  819  719  736
1207  199  748  200
1208  755  668  720
1209  820  721  713
1210  721  654  653
1211  823  722  716
1212  797  725  722
1213  723  626   19
1214  723   19  715
1215  879  760  858
1216  724  627  626
1217  797  726  725
1218   42  725  629
1219  798  727  726
1220  726  630  629
1221  798  728  727
1222  727  631  630
1223  799  729  728
1224  728  632  631
1225  799  730  729
1226  729  633  632
1227  800  731  730
1228  730  634  633
1229  800  732  731
1230  731  635  634
1231  801  733  732
1232  732  636  635
1233  801  734  733
1234  733  637  636
1235  802  734  801
1236  734  638  637
1237  802  736  735
1238  736  639  735
1239  819  736  802
1240  736  719  640
1241  756  737  644
1242  813  738  737
1243  737  645  644
1244  813  808  738
1245  738  646  645
1246  808  740  739
1247  739  647  646
1248  808  804  740
1249  740  648  647
1250  804  742  741
1251  741  649  648
1252  804  803  742
1253  742  650  649
1254  803  744  743
1255  744  651  743
1256  803  796  744
1257  744  718  652
1258  904  881  862
1259  746  624  745
1260  757  705  746
1261  746  705  173
1262  948  810  874
1263  748  655  747
1264  810  755  748
1265  748  720  200
1266  828  753    8
1267  824  409  410
1268  750  411  656
1269  827  656  826
1270  751  657  420
1271  751  420  421
1272  752  656  412
1273  877  413  414
1274  828    8    7
1275  828  408  749
1276  829  753  828
1277  753  661   10
1278  753   10    9
1279  754  662   26
1280  760   24  627
1281  825  422  755
1282  755  720  748
1283  756  666  704
1284  861  813  756
1285  796  757  745
1286  833  811  812
1287  823  716  758
1288  851  663  761
1289  759  717  625
1290  829  759  661
1291  858  724  765
1292  858  760  724
1293  876  856  831
1294  761  663   33
1295  853  762  814
1296   72  659   73
1297  854  763  767
1298  763  665  133
1299  855  764  768
1300  138  658  139
1301  850  723  822
1302  876  827  826
1303  782  684  683
1304  889  845  836
1305  836  784  783
1306  783  686  660
1307  795  698  697
1308  854  767  849
1309  768  665  763
1310  855  770  764
1311  769  702  701
1312  869  769  770
1313  770  658  764
1314  869  770  855
1315  771  659  762
1316  839  772  771
1317  839  773  772
1318  772  673  672
1319  840  773  839
1320  773  674  673
1321  840  775  774
1322  774  675  674
1323  841  775  840
1324  775  676  675
1325  841  777  776
1326  776  677  676
1327  842  777  841
1328  777  678  677
1329  842  779  778
1330  778  679  678
1331  890  843  842
1332  779  680  679
1333  843  780  779
1334  780  681  680
1335  837  782  781
1336  781  682  681
1337  782  683  781
1338  781  683  682
1339  891  844  837
1340  782  766  684
1341  783  660  685
1342  844  766  782
1343  845  784  836
1344  784  687  686
1345  845  786  785
1346  785  688  687
1347  846  786  845
1348  786  689  688
1349  846  788  787
1350  787  690  689
1351  847  788  846
1352  788  691  690
1353  847  790  789
1354  789  692  691
1355  848  790  847
1356  790  693  692
1357  892  848  847
1358  791  694  693
1359  885  791  848
1360  792  695  694
1361  838  795  794
1362  793  696  695
1363  795  697  794
1364  794  697  696
1365  849  795  838
1366  795  767  698
1367  796  718  744
1368  862  860  757
1369  863  797  857
1370  798  726  797
1371  864  798  863
1372  799  728  798
1373  865  799  864
1374  800  730  799
1375  866  800  865
1376  801  732  800
1377  868  801  866
1378  873  819  802
1379  802  735  734
1380  803  743  742
1381  870  796  803
1382  804  741  740
1383  871  804  808
1384  806  711  710
1385  835  832  805
1386  807  710  709
1387  835  806  834
1388  809  709  708
1389  834  806  807
1390  808  739  738
1391  872  808  813
1392  811  708  707
1393  834  809  833
1394  810  748  747
1395  810  747  721
1396  812  707  706
1397  833  809  811
1398  812  706  757
1399  860  812  757
1400  813  737  756
1401  872  813  861
1402  821  664  719
1403  884  853  852
1404  832  815  805
1405  815  667  712
1406  816  670  669
1407  826  656  752
1408  879  662  754
1409  880  817  879
1410  832  820  818
1411  818  713  667
1412  873  802  868
1413  923  911  905
1414  874  820  832
1415  820  810  721
1416  821  814  664
1417  821  719  819
1418  822  715  717
1419  830  822  717
1420  856  761  816
1421  906  901  863
1422  824  749  409
1423  824  410  750
1424  825  751  421
1425  825  421  422
1426  877  826  752
1427  913  901  906
1428  878  850  875
1429  827  750  656
1430  829  828  749
1431  829  661  753
1432  829  749  824
1433  875  830  824
1434  830  717  759
1435  831  816  817
1436  880  879  858
1437  942  886  916
1438  910  874  832
1439  860  833  812
1440  881  834  833
1441  888  886  835
1442  834  807  809
1443  888  835  834
1444  835  805  806
1445  917  900  899
1446  837  781  780
1447  918  893  891
1448  885  793  792
1449  894  883  849
1450  853  771  762
1451  895  840  839
1452  896  840  895
1453  840  774  773
1454  896  841  840
1455  841  776  775
1456  898  843  890
1457  842  778  777
1458  843  837  780
1459  843  779  842
1460  844  836  766
1461  844  782  837
1462  899  845  889
1463  845  785  784
1464  921  899  889
1465  846  787  786
1466  892  885  848
1467  847  789  788
1468  885  792  791
1469  848  791  790
1470  883  854  849
1471  849  767  795
1472  912  878  875
1473  850  765  723
1474  851  823  758
1475  851  758  663
1476  911  852  873
1477  852  814  821
1478  853  839  771
1479  853  814  852
1480  908  854  883
1481  854  768  763
1482  908  768  854
1483  938  932  927
1484  856  816  831
1485  915  876  831
1486  906  857  882
1487  857  797  823
1488  878  858  765
1489  914  880  858
1490  909  859  869
1491  859  756  704
1492  862  757  796
1493  881  833  860
1494  861  756  859
1495  871  867  804
1496  870  803  867
1497  926  881  904
1498  931  902  901
1499  863  798  797
1500  901  865  864
1501  864  799  798
1502  902  866  865
1503  865  800  799
1504  902  868  866
1505  866  801  800
1506  903  870  867
1507  867  803  804
1508  905  873  868
1509  868  802  801
1510  908  907  855
1511  936  930  929
1512  904  870  903
1513  870  862  796
1514  872  871  808
1515  903  871  872
1516  887  872  861
1517  903  872  887
1518  911  873  905
1519  873  852  819
1520  948  874  910
1521  874  810  820
1522  875  822  830
1523  912  750  827
1524  913  906  876
1525  882  856  876
1526  877  752  413
1527  931  901  913
1528  914  878  912
1529  878  765  850
1530  879  817  662
1531  879  754  760
1532  915  880  914
1533  880  831  817
1534  928  888  881
1535  881  860  862
1536  882  857  851
1537  882  851  856
1538  894  849  838
1539  929  908  883
1540  924  911  923
1541  884  839  853
1542  925  885  892
1543  885  838  793
1544  942  910  886
1545  886  832  835
1546  909  861  859
1547  932  903  887
1548  888  834  881
1549  937  928  926
1550  893  836  844
1551  943  921  918
1552  897  842  841
1553  898  891  837
1554  898  837  843
1555  918  889  893
1556  900  847  846
1557  925  892  917
1558  893  889  836
1559  893  844  891
1560  894  838  885
1561  925  922  894
1562  895  839  884
1563  919  896  895
1564  920  897  919
1565  919  897  896
1566  897  890  842
1567  897  841  896
1568  941  890  920
1569  941  898  890
1570  899  846  845
1571  921  889  918
1572  900  892  847
1573  900  846  899
1574  901  864  863
1575  906  863  857
1576  902  865  901
1577  933  902  931
1578  934  903  932
1579  903  867  871
1580  934  904  903
1581  904  862  870
1582  905  868  902
1583  940  935  414
1584  906  882  876
1585  913  876  826
1586  930  909  869
1587  907  869  855
1588  908  855  768
1589  929  883  922
1590  909  887  861
1591  930  869  907
1592  948  910  751
1593  910  832  886
1594  947  923  940
1595  911  884  852
1596  912  875  750
1597  914  912  827
1598  913  826  877
1599  935  913  877
1600  914  858  878
1601  915  914  827
1602  915  831  880
1603  915  827  876
1604  942  916  937
1605  916  886  888
1606  939  936  922
1607  917  892  900
1608  941  891  898
1609  949  944  943
1610  924  895  884
1611  945  920  919
1612  945  941  920
1613  920  890  897
1614  944  921  943
1615  921  917  899
1616  938  930  936
1617  922  883  894
1618  933  905  902
1619  947  945  919
1620  924  919  895
1621  924  884  911
1622  925  894  885
1623  939  925  917
1624  955  937  946
1625  937  916  928
1626  954  936  952
1627  927  887  909
1628  928  916  888
1629  928  881  926
1630  929  907  908
1631  936  929  922
1632  930  927  909
1633  930  907  929
1634  935  877  414
1635  935  933  931
1636  932  887  927
1637  950  934  932
1638  940  933  935
1639  933  923  905
1640  950  946  934
1641  934  926  904
1642  935  931  913
1643  951  414  415
1644  939  922  925
1645  954  938  936
1646  946  937  926
1647  942  937  657
1648  954  950  938
1649  938  927  930
1650  944  917  921
1651  952  939  944
1652  951  947  940
1653  940  923  933
1654  953  941  945
1655  941  918  891
1656  942  657  751
1657  942  751  910
1658  943  918  941
1659  953  951  415
1660  952  944  949
1661  944  939  917
1662  947  919  924
1663  953  945  951
1664  946  926  934
1665  955  417  418
1666  947  924  923
1667  951  940  414
1668  948  751  825
1669  948  825  810
1670  949  415  416
1671  952  949  416
1672  950  932  938
1673  955  950  417
1674  953  415  949
1675  951  945  947
1676  954  952  416
1677  952  936  939
1678  953  949  943
1679  953  943  941
1680  954  416  417
1681  954  417  950
1682  955  418  657
1683  955  657  937
